-639
-625
-611
-597
-585
-573
-561
-549
-539
-529
-519
-511
-501
-491
-483
-473
-465
-457
-449
-441
-433
-425
-417
-411
-403
-397
-389
-383
-375
-369
-361
-355
-349
-343
-335
-329
-323
-317
-311
-303
-297
-291
-285
-279
-273
-267
-261
-255
-249
-243
-239
-233
-227
-221
-215
-209
-203
-199
-193
-187
-181
-177
-171
-165
-163
-157
-151
-145
-141
-135
-129
-125
-119
-115
-109
-103
-99
-93
-87
-83
-77
-73
-67
-63
-57
-51
-47
-41
-35
-31
-25
-21
-15
-9
-5
1
5
9
15
21
25
31
35
41
47
51
57
63
67
73
77
83
87
93
99
103
109
115
119
125
129
135
141
145
151
157
163
165
171
177
181
187
193
199
203
209
215
221
227
233
239
243
249
255
261
267
273
279
285
291
297
303
311
317
323
329
335
343
349
355
361
369
375
383
389
397
403
411
417
425
433
441
449
457
465
473
483
491
501
511
519
529
539
549
561
573
585
597
611
625
639
