-1946
-1925
-1905
-1884
-1864
-1843
-1823
-1802
-1782
-1761
-1741
-1720
-1700
-1679
-1659
-1638
-1618
-1597
-1577
-1556
-1536
-1516
-1495
-1475
-1454
-1434
-1413
-1393
-1372
-1352
-1331
-1311
-1290
-1270
-1249
-1229
-1208
-1188
-1167
-1147
-1126
-1106
-1085
-1065
-1044
-1024
-1004
-983
-963
-942
-922
-901
-881
-860
-840
-819
-799
-778
-758
-737
-717
-696
-676
-655
-635
-614
-594
-573
-553
-532
-512
-492
-471
-451
-430
-410
-389
-369
-348
-328
-307
-287
-266
-246
-225
-205
-184
-164
-143
-123
-102
-82
-61
-41
-20
0
20
41
61
82
102
123
143
164
184
205
225
246
266
287
307
328
348
369
389
410
430
451
471
492
512
532
553
573
594
614
635
655
676
696
717
737
758
778
799
819
840
860
881
901
922
942
963
983
1004
1024
1044
1065
1085
1106
1126
1147
1167
1188
1208
1229
1249
1270
1290
1311
1331
1352
1372
1393
1413
1434
1454
1475
1495
1516
1536
1556
1577
1597
1618
1638
1659
1679
1700
1720
1741
1761
1782
1802
1823
1843
1864
1884
1905
1925
1946
